913
239
870
359
596
464
237
46
828
124
790
520
725
337
618
623
573
899
680
864
22
613
853
944
653
604
2
60
935
980
605
160
728
348
934
537
665
235
259
791
465
759
661
568
289
209
336
965
490
333
413
149
914
54
577
319
498
544
238
871
366
18
6
877
304
841
465
759
816
124
957
542
675
92
879
285
783
855
520
246
311
149
670
924
934
96
697
487
69
184
736
801
658
260
796
455
569
530
403
829
665
257
738
642
3
508
45
259
823
504
773
332
12
197
924
877
212
568
848
978
661
307
275
32
143
234
509
643
496
873
959
626
176
882
125
826
676
406
988
235
207
325
89
49
269
379
586
90
559
977
790
128
229
324
813
912
781
701
62
430
260
513
211
963
503
430
165
837
960
61
593
745
313
851
104
530
529
355
36
931
22
527
487
711
520
325
116
947
484
22
542
258
788
44
982
897
440
690
990
911
20
716
561
898
185
289
457
176
940
863
152
925
276
271
251
227
781
711
533
459
574
406
436
399
860
730
813
990
876
904
84
551
871
432
454
1
260
348
295
70
811
307
940
727
185
964
539
506
217
274
821
509
94
367
83
922
499
737
487
711
245
197
974
437
864
48
891
563
728
494
289
693
444
253
167
951
342
454
702
197
602
382
702
85
847
660
253
348
816
796
33
423
269
958
794
901
827
688
535
974
737
898
843
913
260
213
498
798
510
731
423
468
541
124
771
526
525
224
429
216
271
762
514
899
94
892
252
649
306
847
580
618
89
780
512
785
825
611
850
456
682
352
947
697
12
278
867
57
192
683
284
269
132
324
861
555
183
951
310
39
579
31
489
726
63
367
849
268
193
215
122
356
327
324
150
1
831
737
138
60
150
131
404
110
959
606
481
566
938
653
827
328
140
550
713
44
33
189
845
663
565
749
224
418
262
117
826
489
291
446
656
231
527
979
868
536
337
725
217
768
604
12
577
545
614
593
112
445
128
486
970
101
350
763
404
963
816
327
866
152
111
441
300
62
723
500
438
134
146
290
985
301
447
612
471
824
184
145
466
82
814
610
465
770
305
803
573
340
555
982
595
394
441
618
849
393
237
496
703
175
70
324
904
119
850
258
330
794
475
694
342
10
186
399
541
899
840
153
219
379
943
221
708
436
793
142
944
891
274
391
406
545
991
976
975
365
387
395
912
695
141
173
155
437
450
148
502
293
804
863
324
987
251
718
559
664
23
965
422
792
764
270
805
922
147
218
897
972
678
952
594
432
539
320
40
195
381
267
5
237
886
645
566
870
298
150
926
37
969
160
591
572
697
319
901
551
120
516
304
328
581
690
246
817
454
143
211
768
531
23
77
51
687
582
307
776
846
629
475
335
661
931
106
908
122
103
578
99
761
406
275
470
704
151
581
317
872
110
51
378
157
120
124
756
878
187
659
538
642
749
579
475
839
446
167
342
726
187
137
653
879
957
897
892
190
3
835
397
11
222
42
225
230
810
904
697
653
479
445
189
627
937
330
174
289
965
566
760
136
733
570
907
443
894
155
28
226
45
173
412
835
751
406
213
828
638
551
582
215
114
400
566
97
998
297
78
579
207
744
172
27
118
3
8
619
41
180
103
484
40
391
915
313
558
195
121
351
418
802
139
169
1
577
911
96
201
609
533
534
607
486
362
780
271
87
799
384
894
720
132
753
275
405
633
119
100
617
96
338
630
220
425
117
35
162
605
967
304
935
300
422
913
257
254
951
690
87
867
119
48
963
694
274
463
941
675
128
233
879
124
285
917
664
649
286
299
433
278
883
252
108
34
708
304
561
230
465
667
958
66
435
270
622
797
691
308
185
470
245
295
521
848
370
266
792
403
918
540
782
846
253
667
719
960
483
319
273
842
420
853
849
496
167
353
775
430
473
524
421
595
6
733
53
222
133
258
620
451
65
521
373
537
695
459
928
260
384
936
505
728
95
906
566
259
604
47
477
840
486
644
225
689
600
957
355
75
880
938
641
165
529
843
325
762
729
30
750
602
72
6
418
913
434
458
537
785
868
936
49
323
402
457
395
764
61
611
452
800
288
256
924
869
86
640
714
45
547
115
968
460
594
40
518
406
145
960
825
608
875
694
928
939
889
695
137
93
262
967
925
634
178
836
67
210
57
413
204
229
649
52
765
566
241
107
786
608
309
971
848
848
217
521
770
536
422
588
408
269
511
986
68
341
33
617
328
522
967
231
489
917
897
586
537
687
497
320
418
39
844
179
828
514
535
78
970
767
356
617
120
245
953
992
483
367
129
379
75
583
903
763
224
7
775
578
878
428
988
43
279
997
678
6
853
930
203
895
319
989
989
828
87
528
667
536
428
515
35
59
679
28
897
152
481
153
273
113
911
516
319
578
109
935
929
916
531
515
240
435
655
672
530
822
405
503
602
446
260
677
270
727
267
961